18446181127933654208
1085244292399825667
18446741909247623683
18446599148370182273
13835065757131472894
9277679934950539263
1010502875911238523
18446743983532081152
9908995537615334400
2242545495418275585
18410467946805035713
16204198784853146875
18446602301386263556
1442006263861015
2213183292176892
18373630935301128320
289926936065700787
18446700161963950208
216420142114471166
4557395568595240707
18446602301387034752
1001788765303751
18446726208805666944
17361641481339074243
13889348404653254651
15634501227624857599
12713873682707054587
141564055592767
940422216730771455
217024968176697341
72342382649016319
905488477221354750
11542884864374079487
18446602372270534688
18445891827762663689
4564428042550579087
18230288704088309760
18446532547309998096
2251658251614494479
2242791785754461952
2850742344784217868
2242545360260104312
18409854923991875584
54290464375021503
13944102323354419007
3978709299295697151
15816720593665855
216742346530553599
17230772066995863809
17214701465984484992
18410503199997038348
18446744073575333888
18446743103114182912
9187316779600249088
1085116034765469055
17363894419118940354
16177141795617044732
14922399193157990648
36293766418984670
18446428239019842313
18446744069160861696
8916491604383171328
651069318494158847
18446735015640301568
1130100662239
54307051756816263
141833770336255
4575586367450579713
17940089669160071934
3474633081991789823
217024933958504423
18446725313292402688
17942130358968323855
18320395958569338631
1160866829455671103
18446595574961594560
18446598084466902786
9187201674211967296
18445891887506135048
4555173367229845263
436292828675440639
217018310901891071
18401531603655458816
17361641481139191020
16212110852876990712
2251552557235119904
18374401692201779810
18373834327574241328
18228584339879289072
9223373007510044152
363396337260773181
865042976420593663
234045347970358043
16424892793137707128
12731853033743380688
11208610546418499776
18410503122554062086
1808489937129963519
225514499712425743
218159629819445246
